34 1.378 2
38 0.413 2
14 1.031 4
21 0.85 2
51 1.467 1
44 1.671 4
20 0.851 1
47 1.361 3
53 1.136 2
23 1.257 3
17 0.595 3
42 0.198 3
28 0.485 2
50 0.522 1
38 1.545 3
38 1.423 4
25 1.179 3
10 0.513 2
18 0.934 4
21 1.439 3
53 0.867 3
38 1.337 2
38 0.978 3
43 1.756 2
24 1.548 3
30 0.851 1
28 1.01 0
56 1.574 2
50 1.366 3
54 1.777 1
55 0.738 2
43 1.335 2
10 0.102 3
51 0.263 4
12 1.133 1
44 0.087 4
59 0.933 3
35 0.638 4
19 0.476 3
36 0.466 2
24 1.218 2
28 0.752 3
56 0.742 4
54 1.31 2
24 1.034 3
55 1.589 2
22 1.356 3
38 1.449 3
48 1.202 4
26 0.289 3
53 1.138 2
30 1.319 0
14 0.741 2
10 0.206 4
51 0.877 1
47 1.28 2
27 0.132 3
43 0.54 2
17 0.876 2
36 0.683 3
15 0.324 4
13 1.359 1
45 0.182 3
15 0.474 4
33 0.115 3
58 1.437 3
32 0.805 3
32 1.64 4
45 0.952 1
26 0.652 2
44 0.565 4
21 1.796 2
42 1.136 1
45 1.628 4
43 0.138 1
59 0.587 4
13 0.189 0
22 1.283 1
16 0.101 3
43 1.051 1
59 0.588 2
39 0.033 1
38 0.443 2
17 0.625 3
33 0.08 1
38 0.147 2
48 1.312 4
56 1.231 1
12 0.158 2
32 1.257 4
45 0.851 4
51 0.891 4
55 0.491 3
25 0.949 4
48 1.795 2
28 0.232 2
32 0.486 4
18 0.107 2
45 1.47 3
56 1.075 2
42 0.608 2
53 1.313 0
28 1.355 1
29 1.565 1
24 0.795 1
27 1.487 1
33 1.3 4
43 1.569 2
16 0.943 3
19 0.163 1
18 0.107 1
48 1.005 2
28 0.761 3
54 0.546 4
16 0.349 4
10 0.216 4
48 1.788 3
50 0.536 3
16 1.158 2
16 1.704 4
51 0.36 3
41 1.782 3
40 0.007 3
49 1.307 3
26 1.712 2
45 1.348 2
19 0.37 0
21 0.141 1
28 0.912 3
31 1.472 1
47 0.619 4
46 0.71 2
17 1.489 2
15 1.018 2
20 1.797 1
40 0.171 2
31 0.534 2
18 1.271 3
51 1.691 4
38 1.218 1
38 1.798 2
44 0.707 3
54 0.533 4
13 1.306 4
57 0.055 3
34 0.054 2
20 0.028 3
32 1.275 2
33 1.767 1
39 1.24 2
36 1.641 1
49 1.23 0
43 0.907 1
29 1.103 4
45 0.332 2
17 0.614 1
42 1.69 1
34 0.331 2
45 0.386 2
15 0.119 4
37 0.877 1
48 0.018 4
38 0.439 4
58 1.712 3
21 0.334 2
21 0.094 3
19 0.769 3
17 0.743 2
37 1.443 4
59 1.163 2
12 0.535 3
17 0.58 2
44 1.527 1
18 1.744 3
38 0.166 3
22 1.284 4
20 0.156 0
28 0.632 1
44 0.509 4
39 0.882 3
38 0.292 2
35 1.04 4
23 0.459 3
11 1.771 1
59 1.609 1
28 0.587 2
29 0.202 2
39 1.05 4
18 0.472 3
42 1.067 4
41 0.436 1
19 0.899 4
44 0.863 2
33 0.27 3
21 0.948 3
59 0.643 3
17 0.032 3
46 0.914 2
34 1.589 4
34 0.007 4
13 1.215 1
49 0.539 0
57 0.552 1
25 1.098 1
15 0.636 3
49 1.4 3
16 1.071 4
50 0.661 4
39 1.579 2
51 0.363 2
31 0.786 3
21 1.681 3
25 0.695 4
56 0.37 2
47 1.664 4
26 0.528 1
13 0.979 1
46 0.177 1
56 1.055 3
40 1.185 1
22 1.682 1
25 0.713 3
41 1.278 3
14 1.672 2
34 0.788 1
49 0.057 4
17 1.7 0
32 0.891 3
47 0.77 2
38 0.135 1
28 0.913 3
35 1.018 4
23 1.269 4
11 0.27 2
54 1.625 1
36 1.157 2
41 1.217 1
18 1.231 1
17 0.688 4
54 1.273 2
41 1.3 4
38 0.84 4
42 1.644 4
38 0.601 1
33 1.677 1
23 1.132 1
12 1.547 4
24 0.83 1
47 1.142 3
24 1.585 1
16 0.359 4
39 1.619 0
53 0.56 1
49 0.803 2
21 1.734 3
14 0.367 1
25 1.137 4
58 0.399 4
25 0.197 3
22 0.963 4
33 0.169 1
39 1.773 3
36 1.671 1
30 0.699 4
20 0.737 3
40 1.188 3
23 1.207 4
38 1.785 2
58 1.21 3
15 0.18 3
50 1.577 3
55 0.331 2
44 1.556 1
28 1.008 3
14 0.356 2
47 0.318 3
12 0.877 0
57 1.131 1
19 0.28 4
12 0.177 3
57 0.188 4
24 0.977 4
21 0.273 1
22 0.526 2
53 1.566 1
33 1.537 4
35 0.443 1
23 1.253 3
12 0.605 2
48 1.051 2
34 1.502 4
24 1.719 4
13 0.141 4
37 1.344 4
26 1.688 2
36 1.384 1
22 0.053 2
45 0.21 3
13 1.556 2
27 0.43 2
21 0.085 2
23 0.796 0
40 0.954 3
36 1.521 2
24 0.98 4
23 1.283 1
32 1.05 4
37 1.67 2
15 0.387 4
57 1.064 1
33 0.607 4
10 0.818 4
25 1.693 1
22 1.526 3
25 0.317 3
46 0.717 4
20 0.152 4
29 0.762 2
48 0.749 2
34 0.281 1
15 0.547 1
35 1.12 4
24 1.715 4
10 0.047 3
20 1.091 4
40 0.97 2
21 0.748 0
48 1.148 3
12 1.484 4
21 0.592 1
52 1.185 3
25 0.642 4
37 0.172 4
22 1.138 4
29 0.872 4
40 0.001 4
12 0.747 2
17 1.187 3
43 1.596 4
20 0.581 1
49 0.109 2
25 0.315 2
11 0.483 1
20 0.441 2
50 1.501 1
33 1.599 3
48 1.356 3
47 1.497 2
13 1.198 3
19 1.611 4
21 1.578 2
54 1.234 0
54 0.652 2
55 0.072 2
29 1.589 2
23 0.005 3
32 0.424 2
13 0.345 4
15 0.032 1
10 1.369 4
38 0.597 1
59 1.014 2
22 1.764 2
54 0.822 2
24 1.236 2
51 0.774 1
49 1.565 4
11 1.791 4
45 0.038 4
13 1.353 3
34 1.081 2
39 0.091 4
59 0.066 3
30 1.33 3
19 0.52 4
25 0.106 1
46 0.842 0
48 1.678 1
20 0.99 1
32 1.41 4
24 1.34 4
32 0.02 2
55 0.764 3
13 0.476 1
58 1.038 2
53 1.316 4
38 0.022 2
13 1.086 2
31 1.668 2
37 0.735 4
21 0.286 3
25 0.052 3
29 0.881 4
39 0.437 4
38 0.055 2
16 0.289 1
12 0.938 2
54 0.115 1
43 0.912 4
23 0.715 3
47 1.03 3
32 1.77 0
51 1.539 2
10 0.094 4
55 0.793 3
44 0.957 2
29 0.876 1
33 1.762 1
19 0.655 4
31 0.626 3
20 1.2 1
32 1.362 1
35 0.507 2
35 0.179 3
27 1.693 2
58 0.222 2
32 1.653 3
33 1.664 4
14 1.564 3
23 0.458 2
19 0.763 3
31 0.654 2
21 0.394 4
37 0.399 2
12 0.085 3
40 1.264 1
55 0.481 0
35 0.265 3
25 1.311 3
31 1.28 1
59 1.154 4
42 0.533 4
20 0.539 4
38 0.865 1
17 0.28 1
17 0.049 2
35 1.134 4
28 1.345 1
35 0.818 3
55 1.698 2
41 1.424 2
11 1.199 4
55 1.272 1
46 1.57 2
52 0.977 4
52 1.137 3
55 1.63 2
35 0.417 3
13 1.305 1
28 0.108 3
49 0.53 3
35 1.389 0
56 0.052 2
45 0.11 4
52 1.691 2
27 0.723 3
31 0.632 3
40 1.33 2
12 0.572 2
26 0.796 3
35 0.108 4
33 1.211 3
54 1.102 1
46 0.995 3
26 1.435 2
50 1.256 1
18 0.229 2
39 0.092 3
13 0.218 3
31 1.381 2
40 1.693 2
52 0.687 1
52 1.307 2
36 1.781 4
14 0.626 3
29 0.062 1
48 0.432 0
58 0.03 2
15 1.351 2
20 1.009 3
59 1.259 3
15 0.317 1
58 0.072 1
50 0.58 1
31 1.659 1
11 1.714 2
30 0.387 3
44 0.584 3
22 0.395 1
23 0.7 2
38 0.254 4
20 1.344 2
42 1.137 2
17 0.319 4
35 0.031 2
22 1.036 1
51 0.873 2
22 1.717 2
19 1.333 1
27 1.457 1
11 1.663 4
49 0.422 0
25 1.409 1
11 1.388 3
54 0.972 4
13 1.567 4
34 0.889 2
34 0.003 2
11 0.479 3
51 0.196 2
16 0.916 3
59 0.211 1
17 1.55 2
23 0.511 1
30 0.386 3
28 0.39 3
56 0.792 3
33 1.239 4
56 1.191 1
14 1.262 1
10 0.646 3
20 0.426 4
55 0.918 4
16 0.937 3
25 1.322 1
11 1.38 1
49 0.821 0
54 0.383 3
45 1.368 1
14 0.983 4
19 1.748 3
42 0.09 2
37 1.106 1
56 0.202 4
53 0.281 1
20 0.743 3
49 1.437 1
32 0.6 2
55 1.561 4
23 1.272 1
32 1.629 3
48 0.985 4
26 1.675 3
26 0.966 3
51 0.536 3
24 1.673 2
53 0.165 4
59 0.163 3
22 1.366 4
55 1.008 3
32 0.204 3
57 0.586 0
45 1.385 1
54 0.233 4
42 0.108 2
25 1.247 1
43 1.659 2
26 0.033 3
24 1.29 1
40 0.274 1
12 0.884 3
20 1.778 4
26 0.177 4
17 0.135 2
55 0.262 3
19 0.357 3
36 0.786 3
14 0.654 1
55 0.116 3
57 1.021 2
37 1.449 1
37 1.391 1
58 1.791 2
44 0.004 2
13 0.046 3
47 1.755 4
32 1.163 0
45 1.268 1
21 0.866 2
35 1.396 2
51 1.487 4
50 0.752 1
44 1.659 1
21 0.495 3
35 0.961 1
50 1.717 3
30 0.936 2
35 1.744 4
29 0.678 1
57 1.459 4
23 0.692 3
19 0.046 4
39 0.767 2
42 0.723 3
53 0.039 1
49 0.712 2
43 1.222 4
40 1.603 2
35 0.796 4
17 1.229 2
10 0.167 4
16 0.129 0
58 1.666 1
28 0.849 1
12 0.792 3
13 1.314 3
26 0.524 4
52 1.672 3
53 0.681 4
16 0.366 4
48 1.501 2
49 0.196 2
43 0.525 1
37 0.949 3
12 1.398 4
47 0.876 2
11 1.592 4
42 1.233 2
16 0.583 2
33 1.339 4
17 0.007 4
16 0.701 2
40 1.032 1
40 0.062 4
37 1.517 4
21 1.435 2
55 0.513 0
29 0.568 3
45 0.089 2
50 0.13 3
28 0.969 3
18 1.4 3
25 0.294 4
57 0.271 3
39 1.121 3
20 0.942 3
23 0.712 2
21 0.605 4
11 1.424 1
23 1.334 2
46 0.35 2
24 0.524 1
57 1.187 1
19 1.159 1
53 0.89 1
55 1.644 1
11 1.165 3
31 -0.005 1
12 1.468 4
38 0.712 1
26 0.739 4
28 1.233 0
59 1.751 4
17 0.395 2
25 1.33 4
58 1.044 1
24 1.568 1
17 0.042 2
19 0.406 4
51 1.287 3
30 0.94 3
54 0.517 2
28 0.64 2
36 0.681 4
14 0.137 4
24 0.535 4
43 0.274 4
33 1.353 4
55 0.382 3
55 0.696 1
52 0.07 2
23 0.937 2
27 0.717 3
16 0.946 1
13 1.345 1
34 1.116 1
47 0.021 0
21 0.975 2
54 0.468 3
38 0.577 3
18 1.234 1
41 1.608 2
52 0.049 4
26 0.876 2
38 0.916 2
35 1.207 3
18 1.031 3
28 1.689 2
11 1.04 4
29 0.842 4
37 0.266 4
58 1.522 3
24 1.181 2
36 0.276 3
50 0.927 4
30 0.896 3
12 0.354 4
46 0.485 4
42 0.128 1
14 0.916 4
53 0.97 4
34 1.292 0
22 0.165 4
42 0.115 1
20 0.805 4
54 1.638 1
11 0.224 3
44 0.463 2
59 0.408 4
57 0.187 2
22 0.046 2
16 0.706 1
29 0.765 2
41 0.678 3
52 0.04 3
17 1.521 1
39 0.615 1
32 0.064 4
38 0.337 3
51 0.364 4
24 1.059 2
58 1.172 2
41 0.992 1
39 1.753 4
52 0.033 4
23 0.428 4
18 1.009 0
59 1.231 1
50 0.533 4
41 0.711 1
12 1.17 3
12 1.358 1
24 0.745 4
17 0.841 3
53 0.926 3
15 0.203 3
26 0.761 3
57 0.259 2
36 0.372 4
13 1.563 4
50 1.634 3
32 1.621 2
49 1.567 4
41 1.393 4
47 0.772 4
51 0.636 2
58 0.206 1
46 0.134 1
55 1.773 2
38 1.27 4
48 1.574 1
12 1.034 0
29 0.527 4
13 0.545 1
58 1.055 1
19 0.886 4
53 0.024 4
22 0.431 1
16 1.142 2
18 1.533 2
22 0.438 4
54 1.165 1
37 1.165 4
24 0.987 2
35 0.595 1
18 1.765 4
43 0.479 3
26 0.308 3
27 0.018 2
20 0.14 4
13 0.581 4
35 1.444 4
37 0.407 1
54 1.572 4
28 1.67 3
39 1.677 1
37 0.283 0
51 1.035 3
26 0.035 4
53 1.056 3
34 1.314 1
34 0.224 1
27 0.319 4
49 0.859 4
35 1.686 1
35 1.022 3
30 0.183 3
13 1.397 2
12 1.3 1
42 0.62 3
27 1.795 3
24 0.858 3
15 1.598 4
16 1.592 3
24 0.709 2
14 1.414 2
33 1.109 3
38 1.526 3
41 1.726 3
50 0.329 4
48 1.572 2
58 0.718 0
59 1.347 2
40 0.127 4
30 0.751 3
38 0.115 4
56 0.937 2
43 0.642 4
11 1.22 2
25 1.706 3
17 0.121 2
51 0.594 2
32 1.509 1
54 1.648 3
22 1.695 2
35 0.808 1
44 0.72 1
52 0.397 4
35 0.762 2
39 1.601 2
59 0.314 2
46 0.744 2
30 0.542 1
47 0.304 1
57 0.832 2
52 1.038 2
10 0.087 0
53 1.586 4
44 1.758 3
59 0.053 1
39 0.491 4
30 0.089 2
39 1.773 3
26 0.664 3
59 1.198 3
17 1.31 3
56 0.553 3
11 1.468 1
41 1.458 1
11 0.969 1
52 1.069 2
57 0.967 3
59 1.484 2
35 0.315 2
39 1.181 1
12 0.496 4
26 0.067 2
40 1.686 3
24 0.284 3
46 0.757 3
21 1.129 4
53 0.079 0
29 0.599 4
18 0.493 4
26 0.286 3
46 0.457 1
42 0.768 3
31 0.612 2
25 1.658 1
31 1.545 4
14 0.094 3
23 0.193 4
15 0.285 4
57 0.317 1
30 1.129 4
36 0.622 1
36 0.707 2
48 1.279 3
41 1.227 1
58 1.187 1
59 0.343 2
49 0.133 3
27 0.417 1
58 1.239 1
13 1.455 4
32 0.512 4
33 0.633 0
19 1.503 3
30 0.533 1
51 1.221 3
50 0.703 1
51 0.554 3
35 1.34 3
44 0.15 3
45 1.342 1
46 1.381 2
50 0.207 1
10 1.048 4
58 0.138 3
17 0.074 3
54 1.722 2
17 0.875 2
42 0.759 3
38 1.384 1
40 0.991 1
40 1.76 4
46 0.301 4
55 0.959 4
41 1.271 1
57 0.651 4
19 0.848 4
50 1.475 0
59 0.601 2
37 0.451 1
40 1.576 3
11 0.6 2
13 0.299 3
24 1.413 3
52 1.458 2
11 1.612 2
28 0.123 4
25 1.319 1
56 1.541 2
59 0.264 4
28 1.148 4
32 1.798 3
45 1.566 3
46 1.071 1
42 0.651 2
47 0.954 1
25 0.979 3
19 1.14 3
58 0.248 1
19 0.26 3
11 0.936 3
21 1.207 3
26 0.572 0
36 1.053 1
27 0.002 1
17 1.69 1
38 1.107 3
39 1.736 3
19 1.655 3
55 1.196 3
13 0.099 3
45 1.014 1
34 0.295 4
44 1.649 2
50 1.497 2
31 0.946 4
46 0.116 1
20 0.406 3
54 1.643 2
30 1.43 4
53 1.032 1
16 0.155 4
46 1.297 4
20 0.952 1
27 0.258 2
30 0.955 1
43 0.366 2
56 0.804 0
52 1.295 4
38 0.442 3
43 1.708 2
18 0.525 3
47 0.492 4
14 0.35 2
36 0.731 4
58 0.58 4
15 1.321 2
44 1.695 3
49 1.558 4
37 0.53 2
28 0.352 4
23 1.436 1
40 1.004 3
47 0.709 4
39 0.202 3
59 1.454 1
15 0.463 4
28 0.948 3
27 0.671 3
31 0.863 4
40 0.752 4
16 0.985 3
17 0.266 0
57 1.332 3
20 0.612 3
39 1.472 4
51 0.34 2
24 1.302 3
29 0.089 3
45 1.256 3
16 0.369 3
50 0.454 2
12 0.735 2
20 0.033 3
30 0.266 2
24 1.036 4
42 1.062 4
11 0.107 3
17 0.29 1
37 0.157 2
46 0.142 2
18 1.436 3
46 0.735 3
14 0.23 1
44 1.512 4
15 1.444 1
